50
16 21 16 44 24 50 13 19 49 32 17 1 17 15 31 36 48 1 14 14 34 16 9 46 30 4 24 16 17 40 42 39 12 22 25 29 40 28 27 42 28 27 5 6 9 49 30 34 28 28
21 49 23 12 14 43 48 14 24 20 10 4 24 9 15 31 43 21 47 31 46 6 21 31 8 24 29 15 35 18 38 33 3 46 5 16 17 9 39 48 49 48 16 22 15 38 26 17 3 18
16 23 47 15 39 37 4 38 12 22 5 9 46 18 49 34 5 17 20 36 26 29 45 7 15 24 23 50 15 10 31 37 6 41 4 10 3 16 36 13 28 20 40 48 27 1 42 2 1 11
44 12 15 7 20 39 41 13 46 24 33 31 32 1 11 9 23 33 5 4 6 45 41 40 34 34 31 25 41 15 2 35 46 46 46 21 5 7 32 49 44 3 2 18 5 19 35 16 5 17
24 14 39 20 12 34 30 45 16 35 34 21 22 30 12 32 49 14 33 11 49 34 17 34 31 3 29 2 6 30 32 20 12 38 26 21 25 5 50 6 5 27 4 1 35 38 17 24 43 29
50 43 37 39 34 23 29 39 18 6 35 44 10 35 6 31 38 35 49 20 21 4 36 47 31 38 4 10 7 33 19 48 5 49 5 19 46 32 43 28 49 1 35 9 7 17 4 49 17 12
13 48 4 41 30 29 42 23 25 48 3 2 46 30 26 27 44 39 38 9 8 10 38 23 27 30 12 18 33 18 19 10 30 4 46 47 9 47 39 49 1 33 50 20 49 45 2 49 30 50
19 14 38 13 45 39 23 23 7 38 45 40 43 42 41 39 42 24 26 42 12 10 3 45 28 26 16 10 46 48 31 6 41 27 45 26 20 41 25 15 33 1 22 35 4 34 14 23 26 15
49 24 12 46 16 18 25 7 24 49 46 48 16 42 31 30 38 31 5 29 39 8 36 34 8 20 3 11 9 6 45 25 23 6 14 47 44 15 5 34 29 25 19 37 22 38 32 12 43 25
32 20 22 24 35 6 48 38 49 44 39 44 29 23 2 28 18 18 38 38 50 22 7 8 16 9 34 3 20 18 8 3 5 13 13 22 1 33 19 24 15 48 14 5 13 23 30 23 11 18
17 10 5 33 34 35 3 45 46 39 12 41 49 45 21 45 49 49 30 18 2 11 22 4 46 5 8 23 36 36 49 50 20 36 31 21 3 48 40 12 43 8 42 30 19 40 47 47 45 23
1 4 9 31 21 44 2 40 48 44 41 19 37 31 23 22 33 4 1 1 21 18 25 2 26 16 16 28 27 49 10 9 32 32 49 37 15 21 42 40 28 39 46 21 43 26 17 17 35 42
17 24 46 32 22 10 46 43 16 29 49 37 13 11 39 43 9 21 41 14 32 35 24 35 1 41 20 41 17 35 10 41 4 39 1 24 23 43 21 39 11 35 46 44 40 11 2 5 2 33
15 9 18 1 30 35 30 42 42 23 45 31 11 44 13 41 41 12 45 21 42 11 43 3 15 25 28 43 18 47 6 40 22 5 45 41 18 43 14 33 22 24 24 33 4 38 31 2 7 1
31 15 49 11 12 6 26 41 31 2 21 23 39 13 27 21 43 40 23 11 21 10 23 19 41 9 34 4 8 19 41 45 46 18 33 30 10 4 16 11 12 21 41 25 40 40 28 33 22 26
36 31 34 9 32 31 27 39 30 28 45 22 43 41 21 36 23 38 26 11 28 23 19 17 31 29 13 32 2 2 13 13 20 25 19 39 2 44 45 33 35 26 35 30 41 44 8 19 21 3
48 43 5 23 49 38 44 42 38 18 49 33 9 41 43 23 10 32 37 9 41 36 50 5 26 40 33 36 12 24 50 3 30 19 33 35 37 30 27 35 50 32 33 1 2 36 28 42 13 24
1 21 17 33 14 35 39 24 31 18 49 4 21 12 40 38 32 24 46 6 36 3 38 15 48 1 35 33 1 30 7 23 8 37 50 14 21 40 50 30 30 14 48 27 17 24 3 39 3 17
14 47 20 5 33 49 38 26 5 38 30 1 41 45 23 26 37 46 31 3 47 6 6 30 33 45 21 20 26 23 17 17 19 18 21 41 47 15 28 10 21 14 25 22 40 22 13 41 6 14
14 31 36 4 11 20 9 42 29 38 18 1 14 21 11 11 9 6 3 29 16 46 14 8 36 12 36 48 40 37 20 21 19 29 36 25 20 29 33 38 23 20 36 13 42 18 21 42 35 19
34 46 26 6 49 21 8 12 39 50 2 21 32 42 21 28 41 36 47 16 18 4 28 34 12 7 45 26 31 47 39 11 12 10 35 39 18 25 31 18 17 1 29 28 17 33 6 21 30 19
16 6 29 45 34 4 10 10 8 22 11 18 35 11 10 23 36 3 6 46 4 11 14 48 35 34 18 47 30 43 20 6 25 12 48 40 10 8 47 6 19 8 31 15 28 3 33 30 42 33
9 21 45 41 17 36 38 3 36 7 22 25 24 43 23 19 50 38 6 14 28 14 14 3 45 23 8 1 11 44 34 6 11 47 7 39 14 14 50 3 22 8 23 16 3 35 49 46 12 25
46 31 7 40 34 47 23 45 34 8 4 2 35 3 19 17 5 15 30 8 34 48 3 28 19 19 36 27 2 47 31 9 18 27 1 11 16 2 42 36 4 17 4 48 33 18 13 24 14 38
30 8 15 34 31 31 27 28 8 16 46 26 1 15 41 31 26 48 33 36 12 35 45 19 43 48 34 9 43 50 46 35 26 28 16 48 16 39 41 3 19 48 21 5 5 7 47 38 37 20
4 24 24 34 3 38 30 26 20 9 5 16 41 25 9 29 40 1 45 12 7 34 23 19 48 50 18 22 38 31 11 16 16 5 22 41 3 44 22 34 50 43 1 2 16 30 21 44 43 16
24 29 23 31 29 4 12 16 3 34 8 16 20 28 34 13 33 35 21 36 45 18 8 36 34 18 29 33 15 28 3 41 10 23 47 42 7 44 30 35 44 15 4 5 17 47 21 35 14 5
16 15 50 25 2 10 18 10 11 3 23 28 41 43 4 32 36 33 20 48 26 47 1 27 9 22 33 38 40 2 40 49 45 27 19 25 11 20 20 34 12 38 13 45 46 44 38 49 37 48
17 35 15 41 6 7 33 46 9 20 36 27 17 18 8 2 12 1 26 40 31 30 11 2 43 38 15 40 23 40 2 8 4 28 47 34 37 9 44 35 15 1 27 13 16 22 7 11 17 49
40 18 10 15 30 33 18 48 6 18 36 49 35 47 19 2 24 30 23 37 47 43 44 47 50 31 28 2 40 31 18 37 39 8 17 42 23 30 5 14 16 12 33 13 42 27 2 44 50 2
42 38 31 2 32 19 19 31 45 8 49 10 10 6 41 13 50 7 17 20 39 20 34 31 46 11 3 40 2 18 36 6 18 27 39 30 41 8 42 33 8 6 24 45 13 6 43 45 19 25
39 33 37 35 20 48 10 6 25 3 50 9 41 40 45 13 3 23 17 21 11 6 6 9 35 16 41 49 8 37 6 20 7 21 28 24 44 32 37 39 40 7 16 33 35 12 17 35 29 16
12 3 6 46 12 5 30 41 23 5 20 32 4 22 46 20 30 8 19 19 12 25 11 18 26 16 10 45 4 39 18 7 49 3 25 43 8 7 12 23 25 5 36 13 35 29 46 30 41 20
22 46 41 46 38 49 4 27 6 13 36 32 39 5 18 25 19 37 18 29 10 12 47 27 28 5 23 27 28 8 27 21 3 23 36 18 9 17 46 23 24 42 23 9 12 36 25 40 24 11
25 5 4 46 26 5 46 45 14 13 31 49 1 45 33 19 33 50 21 36 35 48 7 1 16 22 47 19 47 17 39 28 25 36 38 43 19 40 25 27 33 4 23 2 38 17 11 47 26 45
29 16 10 21 21 19 47 26 47 22 21 37 24 41 30 39 35 14 41 25 39 40 39 11 48 41 42 25 34 42 30 24 43 18 43 35 7 20 21 22 31 24 31 30 40 26 11 41 31 29
40 17 3 5 25 46 9 20 44 1 3 15 23 18 10 2 37 21 47 20 18 10 14 16 16 3 7 11 37 23 41 44 8 9 19 7 32 37 17 10 21 15 41 48 21 37 38 26 31 10
28 9 16 7 5 32 47 41 15 33 48 21 43 43 4 44 30 40 15 29 25 8 14 2 39 44 44 20 9 30 8 32 7 17 40 20 37 7 6 17 8 48 22 13 2 13 20 18 9 5
27 39 36 32 50 43 39 25 5 19 40 42 21 14 16 45 27 50 28 33 31 47 50 42 41 22 30 20 44 5 42 37 12 46 25 21 17 6 35 35 2 41 14 14 25 27 19 30 30 39
42 48 13 49 6 28 49 15 34 24 12 40 39 33 11 33 35 30 10 38 18 6 3 36 3 34 35 34 35 14 33 39 23 23 27 22 10 17 35 29 25 1 1 34 27 1 30 27 22 9
28 49 28 44 5 49 1 33 29 15 43 28 11 22 12 35 50 30 21 23 17 19 22 4 19 50 44 12 15 16 8 40 25 24 33 31 21 8 2 25 25 20 7 18 31 25 1 27 3 2
27 48 20 3 27 1 33 1 25 48 8 39 35 24 21 26 32 14 14 20 1 8 8 17 48 43 15 38 1 12 6 7 5 42 4 24 15 48 41 1 20 45 48 48 41 40 35 5 21 26
5 16 40 2 4 35 50 22 19 14 42 46 46 24 41 35 33 48 25 36 29 31 23 4 21 1 4 13 27 33 24 16 36 23 23 31 41 22 14 1 7 48 6 9 27 7 4 22 19 35
6 22 48 18 1 9 20 35 37 5 30 21 44 33 25 30 1 27 22 13 28 15 16 48 5 2 5 45 13 13 45 33 13 9 2 30 48 13 14 34 18 48 9 37 37 39 10 22 40 24
9 15 27 5 35 7 49 4 22 13 19 43 40 4 40 41 2 17 40 42 17 28 3 33 5 16 17 46 16 42 13 35 35 12 38 40 21 2 25 27 31 41 27 37 44 33 45 10 9 20
49 38 1 19 38 17 45 34 38 23 40 26 11 38 40 44 36 24 22 18 33 3 35 18 7 30 47 44 22 27 6 12 29 36 17 26 37 13 27 1 25 40 7 39 33 14 26 8 30 17
30 26 42 35 17 4 2 14 32 30 47 17 2 31 28 8 28 3 13 21 6 33 49 13 47 21 21 38 7 2 43 17 46 25 11 11 38 20 19 30 1 35 4 10 45 26 36 12 21 21
34 17 2 16 24 49 49 23 12 23 47 17 5 2 33 19 42 39 41 42 21 30 46 24 38 44 35 49 11 44 45 35 30 40 47 41 26 18 30 27 27 5 22 22 10 8 12 26 21 31
28 3 1 5 43 17 30 26 43 11 45 35 2 7 22 21 13 3 6 35 30 42 12 14 37 43 14 37 17 50 19 29 41 24 26 31 31 9 30 22 3 21 19 40 9 30 21 21 21 25
28 18 11 17 29 12 50 15 25 18 23 42 33 1 26 3 24 17 14 19 19 33 25 38 20 16 5 48 49 2 25 16 20 11 45 29 10 5 39 9 2 26 35 24 20 17 21 31 25 43
