20
17 15 7 15 18 5 2 11 17 16 20 7 1 18 12 14 2 18 2 11
15 14 3 18 8 5 19 7 14 15 11 15 10 18 11 4 19 20 5 1
7 3 8 12 18 7 16 17 17 5 20 10 5 5 14 7 15 13 5 8
15 18 12 4 1 13 20 13 20 16 17 6 17 19 17 4 17 16 12 20
18 8 18 1 8 14 20 3 8 15 17 17 10 2 5 11 10 9 6 19
5 5 7 13 14 4 16 19 8 19 15 19 11 11 7 14 16 16 11 15
2 19 16 20 20 16 19 19 8 3 16 2 9 6 16 9 6 11 3 14
11 7 17 13 3 19 19 13 3 3 7 6 6 9 2 8 5 2 7 17
17 14 17 20 8 8 8 3 4 5 20 8 1 16 13 19 2 4 6 17
16 15 5 16 15 19 3 3 5 12 14 16 7 19 6 4 10 6 10 19
20 11 20 17 17 15 16 7 20 14 8 12 5 14 9 20 18 4 18 19
7 15 10 6 17 19 2 6 8 16 12 13 7 20 9 1 20 2 2 8
1 10 5 17 10 11 9 6 1 7 5 7 11 3 15 6 13 8 18 16
18 18 5 19 2 11 6 9 16 19 14 20 3 12 13 2 9 13 5 3
12 11 14 17 5 7 16 2 13 6 9 9 15 13 8 5 12 3 9 11
14 4 7 4 11 14 9 8 19 4 20 1 6 2 5 18 12 14 9 4
2 19 15 17 10 16 6 5 2 10 18 20 13 9 12 12 19 11 4 4
18 20 13 16 9 16 11 2 4 6 4 2 8 13 3 14 11 10 7 13
2 5 5 12 6 11 3 7 6 10 18 2 18 5 9 9 4 7 18 9
11 1 8 20 19 15 14 17 17 19 19 8 16 3 11 4 4 13 9 12
