30
18 2 9 25 3 20 18 24 8 28 22 14 30 24 15 12 20 24 30 15 26 13 11 2 1 9 3 12 16 10
2 15 11 27 9 22 5 22 2 4 6 27 7 12 1 14 26 26 19 11 16 26 15 19 4 11 13 21 14 10
9 11 27 18 17 25 1 23 10 28 19 11 27 10 24 8 15 9 18 1 29 15 2 13 25 1 29 28 2 30
25 27 18 25 10 14 4 20 3 30 20 16 23 6 7 12 17 20 19 21 13 7 24 6 15 12 7 28 18 11
3 9 17 10 7 26 30 25 2 30 23 27 4 2 6 25 22 6 12 3 3 7 26 30 10 29 16 4 2 7
20 22 25 14 26 21 16 4 15 18 30 23 26 25 12 9 6 30 12 7 17 12 30 5 18 26 5 11 9 28
18 5 1 4 30 16 24 25 11 29 26 7 28 5 13 2 15 22 8 30 11 25 24 23 6 26 27 7 30 3
24 22 23 20 25 4 25 16 1 22 17 17 17 10 11 30 5 1 10 30 1 23 29 9 8 19 2 18 27 7
8 2 10 3 2 15 11 1 18 21 25 11 26 25 30 6 21 20 27 2 17 2 23 4 20 12 3 8 29 22
28 4 28 30 30 18 29 22 21 24 3 14 26 3 24 24 9 29 3 6 11 18 5 25 4 18 28 20 26 9
22 6 19 20 23 30 26 17 25 3 5 28 12 11 6 12 30 8 18 27 17 13 20 11 4 8 5 6 25 1
14 27 11 16 27 23 7 17 11 14 28 6 9 30 15 4 8 1 24 18 12 7 13 7 27 25 23 13 11 6
30 7 27 23 4 26 28 17 26 26 12 9 8 22 21 13 11 4 4 29 27 23 26 1 6 24 4 21 30 10
24 12 10 6 2 25 5 10 25 3 11 30 22 19 24 10 29 13 25 12 22 26 9 6 14 20 25 2 25 16
15 1 24 7 6 12 13 11 30 24 6 15 21 24 22 20 17 6 21 21 16 15 16 7 21 23 3 24 24 7
12 14 8 12 25 9 2 30 6 24 12 4 13 10 20 6 23 5 23 20 28 1 14 19 7 27 27 14 19 7
20 26 15 17 22 6 15 5 21 9 30 8 11 29 17 23 11 9 24 13 24 29 5 28 17 10 2 20 24 28
24 26 9 20 6 30 22 1 20 29 8 1 4 13 6 5 9 23 5 28 15 7 26 13 16 18 11 12 26 27
30 19 18 19 12 12 8 10 27 3 18 24 4 25 21 23 24 5 24 26 25 21 6 4 26 8 7 10 12 15
15 11 1 21 3 7 30 30 2 6 27 18 29 12 21 20 13 28 26 7 23 3 10 26 1 22 7 11 2 26
26 16 29 13 3 17 11 1 17 11 17 12 27 22 16 28 24 15 25 23 11 10 8 19 3 4 5 14 3 21
13 26 15 7 7 12 25 23 2 18 13 7 23 26 15 1 29 7 21 3 10 13 12 30 8 4 10 11 6 13
11 15 2 24 26 30 24 29 23 5 20 13 26 9 16 14 5 26 6 10 8 12 27 6 25 28 13 5 25 29
2 19 13 6 30 5 23 9 4 25 11 7 1 6 7 19 28 13 4 26 19 30 6 21 10 6 17 7 14 9
1 4 25 15 10 18 6 8 20 4 4 27 6 14 21 7 17 16 26 1 3 8 25 10 9 25 9 2 14 18
9 11 1 12 29 26 26 19 12 18 8 25 24 20 23 27 10 18 8 22 4 4 28 6 25 3 24 25 3 13
3 13 29 7 16 5 27 2 3 28 5 23 4 25 3 27 2 11 7 7 5 10 13 17 9 24 21 24 15 3
12 21 28 28 4 11 7 18 8 20 6 13 21 2 24 14 20 12 10 11 14 11 5 7 2 25 24 23 4 26
16 14 2 18 2 9 30 27 29 26 25 11 30 25 24 19 24 26 12 2 3 6 25 14 14 3 15 4 27 21
10 10 30 11 7 28 3 7 22 9 1 6 10 16 7 7 28 27 15 26 21 13 29 9 18 13 3 26 21 12
